0.0014660939654869247 0.0013337810687101322
-0.0025755881392352806 -0.0027347927177689426
-0.002688042151568887 -0.0028486400591840166
-0.002689708326455689 -0.0028524709061857048
-0.002691460662869476 -0.00285121085783842
-0.0026901930706164684 -0.0028520991429120818
-0.002691376556765737 -0.0028518080671199706
-0.0026901873049391643 -0.002851097483815099
-0.0026889836640246836 -0.0028499330416214956
-0.002689371716951629 -0.0028497375931852776
-0.0026887237306065714 -0.0028506116940078172
-0.002691713594349305 -0.0028560920871319455
-0.0026936735241768774 -0.002860466128163575
-0.0026953150076976878 -0.00286253575226961
-0.0026974031896043462 -0.0028645663991083642
-0.002699495520922953 -0.0028661232318332066
-0.002699946937424884 -0.0028655708873988432
-0.0026996890954036827 -0.0028657921215599147
-0.00269962720440002 -0.002868110275640491
-0.0027013762198685484 -0.002869796042996321
-0.002703445125454623 -0.002870537894745807
-0.002703499524575869 -0.002871628899975301
-0.0027054241456531685 -0.0028719357726006995
-0.002706949952338241 -0.0028737007233450972
-0.002706479633271378 -0.0028721479812106343
-0.002707604634496879 -0.002872798139474647
-0.0027065179885416516 -0.002873060217095094
-0.0027107331002599955 -0.002873414518019154
-0.0027098010871050185 -0.0028736234498522198
-0.0027139192686567305 -0.0028749738586286667
-0.002715431199724751 -0.0028750859366599886
-0.002715163719867521 -0.002876039842584789
-0.002716242753975352 -0.002873720498416369
-0.002715332948728039 -0.0028778665967111785
-0.002715416324021431 -0.0028781964162801063
-0.002715589333320864 -0.002878651191069725
-0.0027151386086493117 -0.0028788119796775364
-0.002715981203475873 -0.002880171973079534
-0.0027149463600196007 -0.002880776302023526
-0.0027130894137998864 -0.002880296145460148
-0.00270169761299234 -0.0028796805501528884
-0.0026969502735979 -0.0028799783461511547
-0.00269586788038146 -0.002879826177564709
-0.0026970906283526473 -0.002882480127185638
-0.002696709435279788 -0.0028804202540100407
-0.002697756609296526 -0.002881934963259974
-0.0026954036153258483 -0.002883135952649282
-0.0026957939913904378 -0.0028847656759065313
-0.0026924104295750727 -0.0028752026602134003
-0.0026901835995916 -0.0028733608248752438
-0.002693031559967836 -0.002872967694810452
-0.0026931996886308076 -0.002872024184711313
-0.0026928285876753827 -0.0028723264905144486
-0.002692110340809984 -0.0028739696636905098
-0.002692851835774111 -0.002873068406934255
-0.0026917971967048296 -0.0028731586389148505
-0.0026920031902557115 -0.002873307736685476
-0.002690818281202975 -0.002872547698318515
-0.0026919383341483865 -0.0028712527926907103
-0.0026920816080454415 -0.002872930478005628
-0.0026928423577763758 -0.002872445261869933
-0.002692112261359981 -0.002871978064001281
-0.0026919855966051126 -0.002870997651867524
-0.002688503188453197 -0.002870674667910281
-0.0026910824265585893 -0.0028713453923782137
-0.0026916778338156684 -0.0028709223340094635
-0.002692251082819759 -0.0028723564036208992
-0.0026893854152770865 -0.0028728479038566635
-0.0026916674879335876 -0.002873322668783295
-0.0026914271838763514 -0.002872320806914196
-0.002691298911837089 -0.002871466528243682
-0.0026902249225470745 -0.0028717067524064153
